chr1	10469	3	4
chr1	10471	4	2
chr1	10484	7	1
chr1	10489	9	1
chr1	10493	10	1
chr1	10497	13	0
chr1	10525	7	3
chr1	10542	6	3
chr1	10563	4	4
chr1	10571	2	5
chr1	10577	1	5
chr1	10579	1	4
chr1	10589	1	3
chr1	10609	2	4
chr1	10617	1	4
chr1	10620	1	4
chr1	10631	1	2
chr1	10633	2	4
chr1	10636	2	4
chr1	10638	1	4
chr1	10641	3	3
chr1	10644	4	4
chr1	10650	5	5
chr1	10660	8	4
chr1	10662	7	4
chr1	10665	6	4
chr1	10667	6	5
chr1	10670	5	3
chr1	10673	7	3
chr1	10679	7	4
chr1	10689	6	1
chr1	10691	5	1
chr1	10694	6	0
chr1	10696	4	1
chr1	10699	4	0
chr1	10702	5	0
chr1	10708	4	0
chr1	10718	2	0
chr1	10720	3	0
chr1	10723	2	1
chr1	10725	3	0
chr1	10728	3	0
chr1	10731	3	1
chr1	10737	4	0
chr1	10747	2	1
chr1	10749	3	0
chr1	10752	2	1
chr1	10754	2	1
chr1	10757	2	1
chr1	10760	3	0
chr1	10766	3	0
chr1	10776	5	0
chr1	10778	0	3
chr1	10781	2	0
chr1	10783	2	0
chr1	10786	3	1
chr1	10789	3	0
chr1	10795	4	0
chr1	10811	3	0
chr1	10813	2	1
chr1	10816	2	1
chr1	10827	4	0
chr1	10832	2	1
chr1	10838	2	1
chr1	10848	3	0
chr1	10850	2	1
chr1	10853	3	0
chr1	10855	3	0
chr1	10858	1	0
chr1	10861	1	0
chr1	10867	1	0
chr1	10885	2	0
chr1	10887	1	1
chr1	10903	0	1
chr1	10908	1	0
chr1	10914	0	1
chr1	10924	1	0
chr1	10929	1	0
chr1	10943	1	0
chr1	10961	0	1
chr1	10963	1	0
chr1	10979	2	0
chr1	10984	2	0
chr1	10990	2	0
chr1	10998	1	0
chr1	11008	1	0
chr1	11012	1	0
chr1	11027	0	1
chr1	11091	0	1
chr1	11093	0	1
chr1	11105	0	1
chr1	11110	0	1
chr1	11116	0	1
chr1	11118	0	1
chr1	11121	0	1
chr1	11129	0	1
chr1	11149	2	1
chr1	11157	3	2
chr1	11163	5	2
chr1	11167	7	2
chr1	11184	9	1
chr1	11200	8	5
chr1	11210	8	6
chr1	11226	1	14
chr1	11239	3	11
chr1	11284	4	8
chr1	11297	1	12
chr1	11300	11	3
chr1	11343	5	7
chr1	11346	6	7
chr1	11404	12	3
chr1	11434	12	2
chr1	11461	8	0
chr1	11480	5	1
chr1	11763	7	8
chr1	11781	8	7
chr1	11792	9	7
chr1	11827	5	5
chr1	11842	2	5
chr1	11868	2	6
chr1	11879	3	4
chr1	11946	0	1
chr1	12265	16	0
chr1	12271	17	0
chr1	12278	16	0
chr1	12305	16	1
chr1	12318	10	4
chr1	12331	15	0
chr1	12355	10	3
chr1	12426	15	0
chr1	12506	5	0
chr1	12521	3	1
chr1	12558	6	0
chr1	12586	11	0
chr1	12672	6	3
chr1	12675	8	0
chr1	12679	6	0
chr1	12754	2	1
chr1	12757	3	0
chr1	12773	4	0
chr1	12779	3	0
chr1	12782	0	3
chr1	13079	4	0
chr1	13216	5	0
chr1	13283	14	1
chr1	13302	11	2
chr1	13417	0	9
chr1	13503	3	10
chr1	13528	2	11
chr1	13537	3	14
chr1	13644	12	11
chr1	13667	13	14
chr1	13693	27	5
chr1	13750	9	8
chr1	13756	7	9
chr1	13823	13	1
chr1	13828	10	3
chr1	14062	2	8
chr1	14179	15	9
chr1	14349	73	7
chr1	14354	56	21
chr1	14435	81	12
chr1	14469	78	6
chr1	14486	50	12
chr1	14521	37	1
chr1	14553	20	0
chr1	14589	13	0
chr1	14653	4	10
chr1	14699	9	0
chr1	14710	8	0
chr1	14716	6	0
chr1	14741	7	0
chr1	14747	10	0
chr1	14773	12	0
chr1	14775	11	1
chr1	14791	12	0
chr1	14888	3	0
chr1	14947	1	0
chr1	14954	2	1
chr1	14975	3	0
chr1	15004	6	2
chr1	15028	7	11
chr1	15045	12	9
chr1	15085	15	6
chr1	15089	18	2
chr1	15171	25	3
chr1	15189	21	3
chr1	15207	17	4
chr1	15239	16	1
chr1	15339	10	1
chr1	15380	10	0
chr1	15389	12	0
chr1	15398	13	0
chr1	15417	17	0
chr1	15513	11	0
chr1	15526	9	1
chr1	15643	7	2
chr1	15720	0	5
chr1	15749	3	0
chr1	15769	3	1
chr1	15789	3	0
chr1	15834	3	0
chr1	15849	2	0
chr1	15865	3	0
chr1	15882	3	0
chr1	15912	3	0
chr1	15955	8	1
chr1	16058	7	3
chr1	16070	10	3
chr1	16082	10	1
chr1	16139	21	3
chr1	16141	21	5
chr1	16243	61	41
chr1	16555	4	0
chr1	16570	4	0
chr1	16617	5	2
chr1	16619	7	1
chr1	16634	9	0
chr1	16646	14	0
chr1	16665	19	0
chr1	16667	19	2
chr1	16731	14	0
chr1	16822	25	0
chr1	16869	10	0
chr1	16932	7	0
chr1	16944	4	0
chr1	16962	4	0
chr1	16974	7	0
chr1	17378	18	3
chr1	17406	20	1
chr1	17452	35	0
chr1	17478	37	2
chr1	17483	35	2
chr1	17492	38	1
chr1	17562	23	1
chr1	17571	22	0
chr1	17584	21	0
chr1	17613	13	1
chr1	17688	13	0
chr1	17694	12	1
chr1	17701	11	0
chr1	17715	8	1
chr1	17853	1	0
chr1	17901	1	0
chr1	17903	1	0
chr1	17925	4	0
chr1	17929	5	1
chr1	17940	6	0
chr1	17964	6	0
chr1	17970	3	0
chr1	17995	5	0
chr1	17999	5	0
chr1	18027	9	0
chr1	18152	9	2
chr1	18213	8	1
chr1	18353	2	1
chr1	18511	7	0
chr1	18564	7	2
chr1	18575	10	0
chr1	18732	5	2
chr1	18768	5	1
chr1	18775	4	1
chr1	18810	3	0
chr1	18827	3	0
chr1	18873	0	0
chr1	18880	5	0
chr1	18887	18	1
chr1	18934	39	0
chr1	19015	40	1
chr1	19056	41	0
chr1	19121	61	3
chr1	19132	73	3
chr1	19160	87	1
chr1	19189	88	6
chr1	19248	81	7
chr1	19273	63	5
chr1	19279	59	3
chr1	19283	57	4
chr1	19298	46	1
chr1	19320	26	1
chr1	19322	14	7
chr1	19390	7	0
chr1	19392	6	1
chr1	19508	9	3
chr1	19539	7	3
chr1	19590	11	3
chr1	19683	25	1
chr1	19772	22	0
chr1	19788	24	0
chr1	19888	22	1
chr1	19910	21	1
chr1	19917	19	2
chr1	19941	14	4
chr1	20044	24	1
chr1	20127	8	3
chr1	20129	11	0
chr1	20156	9	2
chr1	20206	11	1
chr1	20234	14	2
chr1	20253	14	4
chr1	20387	29	2
chr1	20480	40	4
chr1	20590	26	1
chr1	20700	22	2
chr1	20741	15	0
chr1	20784	5	5
chr1	21093	1	0
chr1	21120	0	1
chr1	21139	0	2
chr1	21198	1	2
chr1	21223	0	9
chr1	21252	0	12
chr1	21279	5	11
chr1	21282	0	16
chr1	21350	0	3
chr1	21419	6	4
chr1	21424	4	5
chr1	21502	1	0
chr1	21608	0	2
chr1	21616	2	1
chr1	21686	3	0
chr1	21709	2	0
chr1	21736	1	0
chr1	21788	1	0
chr1	21795	1	0
chr1	21797	0	1
chr1	21817	0	1
chr1	21948	0	4
chr1	22025	1	4
chr1	22246	0	0
chr1	22349	2	0
chr1	22494	1	0
chr1	22568	3	0
chr1	22674	3	0
chr1	22825	0	0
chr1	22839	0	0
chr1	22864	0	2
chr1	22898	2	1
chr1	23002	1	6
chr1	23097	20	2
chr1	23680	6	0
chr1	23779	11	1
chr1	23822	10	0
chr1	23843	12	0
chr1	23974	0	8
chr1	24017	7	1
chr1	24073	5	1
chr1	24341	9	0
chr1	24372	11	0
chr1	24412	15	1
chr1	24451	8	1
chr1	24554	6	0
chr1	24785	2	0
chr1	24799	2	0
chr1	24810	1	0
chr1	24813	2	0
chr1	24900	0	0
chr1	24906	1	0
chr1	24911	1	0
chr1	24926	1	0
chr1	24933	0	1
chr1	24938	1	0
chr1	24957	1	0
chr1	25059	1	1
chr1	25115	1	0
chr1	25381	3	0
chr1	25912	11	4
chr1	25933	5	1
chr1	25974	5	1
chr1	26481	9	0
chr1	26532	12	1
chr1	26633	13	0
chr1	26790	1	0
chr1	26794	0	1
chr1	26798	1	0
chr1	26803	1	0
chr1	26810	1	0
chr1	26837	0	1
chr1	26862	1	0
chr1	26870	1	0
chr1	26932	0	2
chr1	26957	1	0
chr1	26964	2	0
chr1	27026	1	0
chr1	27028	1	0
chr1	27053	0	1
chr1	27145	1	0
chr1	27574	3	2
chr1	27670	2	1
chr1	28347	1	0
chr1	28409	6	0
chr1	28433	1	8
chr1	28512	0	8
chr1	28660	0	5
chr1	28677	0	5
chr1	28692	0	7
chr1	28705	0	9
chr1	28736	0	13
chr1	28750	0	18
chr1	28752	0	17
chr1	28765	0	19
chr1	28774	0	19
chr1	28793	0	16
chr1	28808	0	13
chr1	28825	0	15
chr1	28840	0	14
chr1	28852	0	14
chr1	28863	0	12
chr1	28865	0	14
chr1	28891	0	7
chr1	28908	0	8
chr1	28912	0	6
chr1	28925	0	11
chr1	28934	0	12
chr1	28936	0	12
chr1	28938	0	12
chr1	28955	0	14
chr1	28964	0	18
chr1	28972	0	24
chr1	28988	0	25
chr1	28994	0	43
chr1	29002	0	50
chr1	29011	0	65
chr1	29021	0	71
chr1	29053	0	73
chr1	29063	0	69
chr1	29074	0	58
chr1	29076	0	61
chr1	29096	0	62
chr1	29101	0	58
chr1	29112	0	56
chr1	29119	0	59
chr1	29123	0	54
chr1	29127	0	55
chr1	29137	0	54
chr1	29140	0	55
chr1	29143	0	52
chr1	29147	0	55
chr1	29158	0	47
chr1	29165	0	47
chr1	29172	0	38
chr1	29176	0	36
chr1	29178	0	34
chr1	29194	0	25
chr1	29205	0	20
chr1	29215	0	15
chr1	29221	0	16
chr1	29230	0	12
chr1	29234	0	13
chr1	29253	0	19
chr1	29267	0	26
chr1	29272	0	27
chr1	29285	0	33
chr1	29298	0	40
chr1	29300	0	41
chr1	29306	0	42
chr1	29310	0	46
chr1	29324	0	54
chr1	29329	0	45
chr1	29337	0	54
chr1	29347	0	46
chr1	29350	0	50
chr1	29353	0	50
chr1	29359	0	44
chr1	29367	0	48
chr1	29373	0	46
chr1	29389	0	36
chr1	29392	0	32
chr1	29403	0	32
chr1	29407	0	36
chr1	29409	0	31
chr1	29415	0	39
chr1	29425	0	24
chr1	29428	0	28
chr1	29431	0	30
chr1	29435	0	17
chr1	29447	0	23
chr1	29456	0	29
chr1	29460	0	28
chr1	29462	0	23
chr1	29476	0	19
chr1	29479	0	19
chr1	29484	0	17
chr1	29489	0	14
chr1	29500	0	13
chr1	29505	0	15
chr1	29510	0	15
chr1	29512	0	16
chr1	29524	0	17
chr1	29533	0	15
chr1	29542	0	17
chr1	29550	0	10
chr1	29553	0	10
chr1	29561	0	12
chr1	29572	0	11
chr1	29582	0	13
chr1	29586	0	13
chr1	29594	0	10
chr1	29604	0	13
chr1	29641	1	14
chr1	29656	0	13
chr1	29691	0	4
chr1	29700	0	3
chr1	29709	0	3
chr1	29789	0	0
chr1	29799	0	1
chr1	29809	0	1
chr1	29910	0	3
chr1	29927	0	5
chr1	29991	0	18
chr1	30013	0	11
chr1	30028	0	16
chr1	30095	4	9
chr1	30155	4	2
chr1	30306	2	0
chr1	30320	2	1
chr1	30400	1	0
chr1	30571	9	0
chr1	30606	7	1
chr1	30635	11	0
chr1	30647	9	0
chr1	30793	1	0
chr1	30922	0	0
chr1	31028	0	2
chr1	31036	2	0
chr1	31109	1	1
chr1	31443	6	2
chr1	31486	3	3
chr1	31488	5	1
chr1	31623	1	0
chr1	31792	2	1
chr1	32261	4	0
chr1	32385	3	0
chr1	32588	14	2
chr1	32646	31	3
chr1	32755	13	0
chr1	32808	8	5
chr1	32894	7	1
chr1	32925	1	3
chr1	33245	6	2
chr1	33261	5	2
chr1	33599	9	0
chr1	33732	8	0
chr1	34244	1	0
chr1	34742	2	0
chr1	34770	2	0
chr1	34779	2	0
chr1	34816	2	0
chr1	34855	4	0
chr1	35081	2	2
chr1	35095	0	1
chr1	35647	2	3
chr1	35737	2	0
chr1	35758	0	2
chr1	35781	1	0
chr1	35835	2	0
chr1	36015	3	0
chr1	36031	3	0
chr1	36065	2	0
chr1	36073	2	1
chr1	36375	1	0
chr1	36447	1	0
chr1	36458	3	0
chr1	36603	2	5
chr1	39069	2	0
chr1	39080	2	0
chr1	39860	1	0
chr1	39892	1	0
chr1	39966	5	5
chr1	40023	9	0
chr1	40048	10	1
chr1	40250	1	0
chr1	40705	1	0
chr1	51588	2	5
chr1	51592	3	5
chr1	51594	4	4
chr1	51602	3	1
chr1	51604	3	4
chr1	51632	2	6
chr1	51637	3	5
chr1	51641	3	5
chr1	51648	4	4
chr1	51662	2	4
chr1	51682	3	6
chr1	51693	3	4
chr1	51722	3	2
chr1	51726	2	2
chr1	51728	2	3
chr1	51734	3	2
chr1	51738	3	2
chr1	51744	2	2
chr1	51766	2	0
chr1	51771	2	0
chr1	51782	0	1
chr1	51789	1	0
chr1	51796	1	0
chr1	51813	2	1
chr1	51821	3	0
chr1	51827	2	1
chr1	51843	2	0
chr1	51851	2	1
chr1	51935	1	3
chr1	51953	4	1
chr1	51969	4	0
chr1	51975	1	1
chr1	51978	1	0
chr1	52028	1	0
chr1	52033	0	0
chr1	52755	1	1
chr1	54489	0	5
chr1	54649	35	2
chr1	55299	3	0
chr1	55329	2	0
chr1	55815	2	0
chr1	55885	2	2
chr1	55907	1	2
chr1	56298	3	0
chr1	56305	2	2
chr1	56585	2	0
chr1	58447	1	0
chr1	60408	2	0
chr1	61020	1	0
chr1	61803	2	0
chr1	61901	5	0
chr1	61922	3	0
chr1	61930	4	0
chr1	61947	5	2
chr1	61954	4	2
chr1	62082	2	1
chr1	62096	2	0
chr1	62112	2	0
chr1	62140	1	1
chr1	62156	2	0
chr1	62277	1	0
chr1	62870	1	0
chr1	62904	1	0
chr1	63148	1	0
chr1	70603	0	2
chr1	70665	0	2
chr1	72659	1	0
chr1	72766	1	0
chr1	72861	1	1
chr1	74672	3	2
chr1	74902	22	6
chr1	74953	27	3
chr1	75130	9	0
chr1	75802	4	6
chr1	76024	8	4
chr1	76132	6	0
chr1	76308	6	1
chr1	76330	4	0
chr1	76422	1	3
chr1	76884	4	1
chr1	76896	6	0
chr1	76900	5	1
chr1	76945	6	0
chr1	76981	3	1
chr1	76995	3	0
chr1	79049	0	0
chr1	79077	1	0
chr1	79401	3	0
chr1	79417	1	1
chr1	79472	3	0
chr1	79806	2	0
chr1	80951	1	0
chr1	80973	2	0
chr1	81012	3	0
chr1	81031	3	0
chr1	81037	1	1
chr1	81105	3	0
chr1	81179	1	0
chr1	81317	8	0
chr1	81423	15	7
chr1	81602	3	0
chr1	81645	1	0
chr1	82162	0	7
chr1	82281	11	4
chr1	82399	5	0
chr1	82570	9	5
chr1	82715	5	0
chr1	83483	18	1
chr1	83514	21	1
chr1	83516	18	4
chr1	83603	14	1
chr1	83605	11	4
chr1	84544	3	1
chr1	85528	1	2
chr1	85941	4	0
chr1	86191	1	2
chr1	86875	6	13
chr1	86920	19	3
chr1	86941	17	7
chr1	87256	16	4
chr1	87302	2	4
chr1	87351	3	0
chr1	87360	4	0
chr1	87365	2	1
chr1	87409	0	1
chr1	87701	1	0
chr1	87723	1	0
chr1	87754	2	0
chr1	88080	5	1
chr1	88171	5	1
chr1	88204	2	1
chr1	88315	3	0
chr1	88361	3	0
chr1	88386	0	1
chr1	88388	1	0
chr1	88456	1	0
chr1	88487	1	0
chr1	88491	1	0
chr1	88511	1	0
chr1	88518	1	0
chr1	88696	0	1
chr1	88705	1	1
chr1	88762	1	0
chr1	88767	0	2
chr1	88811	1	0
chr1	88833	1	0
chr1	88851	1	0
chr1	88970	1	0
chr1	89213	9	2
chr1	89359	5	22
chr1	89518	5	9
chr1	89566	10	1
chr1	89705	11	3
chr1	90032	3	7
chr1	90457	10	0
chr1	90537	8	1
chr1	90728	2	2
chr1	90766	0	4
chr1	90780	3	1
chr1	90930	3	0
chr1	90968	2	0
chr1	90973	2	0
chr1	91018	2	0
chr1	91029	4	0
chr1	91059	6	4
chr1	91119	0	10
chr1	91159	0	7
chr1	91189	1	5
chr1	91233	3	1
chr1	91267	0	2
chr1	91458	0	10
chr1	91472	0	9
chr1	91550	0	9
chr1	91580	1	13
chr1	91684	8	6
chr1	91862	3	0
chr1	91948	5	5
chr1	92001	40	2
chr1	92122	19	0
chr1	92146	6	5
chr1	92163	7	1
chr1	92741	0	1
chr1	93097	6	0
chr1	93153	4	2
chr1	93248	4	6
chr1	93301	13	1
chr1	93392	17	2
chr1	93757	1	0
chr1	93788	1	0
chr1	93819	1	0
chr1	93836	1	0
chr1	94018	25	35
chr1	94107	28	7
chr1	94118	28	7
chr1	94238	12	9
chr1	94259	33	2
chr1	94269	38	1
chr1	94295	35	6
chr1	94317	45	6
chr1	94386	15	52
chr1	94476	10	31
chr1	94860	3	12
chr1	94930	10	8
chr1	94986	11	3
chr1	95073	5	2
chr1	95610	3	0
chr1	95621	3	0
chr1	95713	5	0
chr1	95971	10	2
chr1	96253	4	1
chr1	96497	0	5
chr1	96559	4	19
chr1	96617	2	22
chr1	96625	4	19
chr1	96643	2	21
chr1	96799	16	33
chr1	96806	16	32
chr1	96941	0	2
chr1	97042	0	1
chr1	97234	1	0
chr1	97313	2	0
chr1	97869	0	1
chr1	98409	16	6
chr1	98679	9	13
chr1	98710	15	2
chr1	99166	7	5
chr1	99218	3	5
chr1	99252	2	2
chr1	99579	0	1
chr1	99719	5	4
chr1	99874	0	1
chr1	100483	2	0
chr1	101059	15	1
chr1	101147	7	5
chr1	101466	19	3
chr1	101509	21	3
chr1	101831	18	2
chr1	101987	1	6
chr1	102558	5	0
chr1	102827	15	1
chr1	102933	52	3
chr1	102988	41	2
chr1	102995	37	2
chr1	103064	18	0
chr1	103111	3	0
chr1	103147	5	2
chr1	103169	6	1
chr1	103203	6	0
chr1	103209	7	0
chr1	103233	5	0
chr1	103241	3	4
chr1	103249	6	0
chr1	103577	16	6
chr1	103612	8	0
chr1	103676	26	0
chr1	103706	26	2
chr1	103803	22	1
chr1	103866	22	4
chr1	103983	14	2
chr1	103988	12	6
chr1	104047	22	6
chr1	104196	0	17
chr1	104242	0	13
chr1	104256	0	12
chr1	104696	3	1
chr1	104698	7	6
chr1	104814	50	4
chr1	104853	58	3
chr1	104982	3	8
chr1	105194	4	1
chr1	105329	44	50
chr1	106587	2	1
chr1	106690	14	1
chr1	107200	1	0
chr1	108775	14	0
chr1	108871	37	1
chr1	109105	6	6
chr1	109176	12	0
chr1	109487	11	8
chr1	109575	10	8
chr1	110421	1	2
chr1	110610	22	3
chr1	111819	20	3
chr1	111827	10	13
chr1	112068	1	0
chr1	112408	1	0
chr1	112658	31	7
chr1	113001	0	1
chr1	113468	1	0
chr1	113969	6	6
chr1	114225	1	0
chr1	114782	2	2
chr1	115636	15	35
chr1	115672	43	16
chr1	116345	13	1
chr1	117723	23	11
chr1	117976	37	1
chr1	119646	3	21
chr1	119690	9	14
chr1	119722	4	8
chr1	119745	4	7
chr1	119786	1	0
chr1	120146	7	1
chr1	120176	14	2
chr1	120503	5	1
chr1	120552	3	0
chr1	120685	0	0
chr1	120716	2	1
chr1	121244	2	0
chr1	121415	1	0
chr1	121833	1	0
chr1	121866	1	0
chr1	121895	1	0
chr1	122737	19	11
chr1	123542	3	0
chr1	123671	4	7
chr1	123983	55	45
chr1	124055	79	14
chr1	124108	54	20
chr1	124450	27	0
chr1	125262	7	1
chr1	125267	7	0
chr1	125414	29	8
chr1	126132	7	0
chr1	126449	7	1
chr1	127492	32	7
chr1	127572	39	20
chr1	127750	19	8
chr1	127854	35	3
chr1	127908	17	0
chr1	127940	12	1
chr1	127971	1	4
chr1	128003	3	2
chr1	128047	4	1
chr1	128518	24	0
chr1	128751	48	8
chr1	128786	17	11
chr1	128814	14	4
chr1	128836	9	1
chr1	128846	9	0
chr1	128886	12	0
chr1	128904	8	0
chr1	129054	10	2
chr1	129076	18	0
chr1	129166	19	11
chr1	129208	36	6
chr1	129284	31	38
chr1	129332	45	10
chr1	129456	10	1
chr1	129556	17	1
chr1	129631	13	2
chr1	129658	18	2
chr1	129716	20	6
chr1	129850	4	0
chr1	130046	2	0
chr1	130135	3	4
chr1	130193	9	1
chr1	130210	9	1
chr1	130234	10	1
chr1	130564	1	0
chr1	130667	5	0
chr1	130725	16	0
chr1	130761	13	5
chr1	130820	13	3
chr1	131065	3	1
chr1	131101	8	0
chr1	131114	9	0
chr1	131129	7	0
chr1	131146	8	0
chr1	131151	8	0
chr1	131163	10	0
chr1	131192	7	0
chr1	131196	7	0
chr1	131246	9	3
chr1	131328	22	4
chr1	131364	34	0
chr1	131402	38	1
chr1	131609	49	1
chr1	131645	57	5
chr1	131678	58	1
chr1	131695	55	0
chr1	131715	45	1
chr1	131731	31	0
chr1	131736	27	1
chr1	131765	15	0
chr1	131770	10	0
chr1	131788	3	0
chr1	131792	2	0
chr1	132275	3	0
chr1	132293	3	0
chr1	132299	3	0
chr1	132330	3	0
chr1	132341	3	0
chr1	132348	3	0
chr1	132359	3	0
chr1	132419	3	0
chr1	132425	3	0
chr1	132727	7	0
chr1	132737	6	1
chr1	132748	7	1
chr1	132781	7	6
chr1	132854	11	4
chr1	132938	6	0
chr1	132975	10	1
chr1	132981	8	4
chr1	133000	11	3
chr1	133031	12	5
chr1	133033	15	3
chr1	133145	24	5
chr1	133165	34	1
chr1	133180	40	1
chr1	133217	32	3
chr1	133277	14	0
chr1	133364	25	0
chr1	133391	36	0
chr1	133424	39	2
chr1	133433	31	8
chr1	133482	22	2
chr1	133508	9	5
chr1	133520	6	2
chr1	133558	7	3
chr1	133581	15	4
chr1	133606	25	1
chr1	134050	10	4
chr1	134100	12	1
chr1	134115	16	0
chr1	134139	24	1
